0.05 0.000355648 -2.48415e-05
0.1 0.00101667 2.36538e-05
0.15 0.000990337 2.79695e-06
0.2 0.000980101 2.13286e-05
0.25 0.00129767 4.0866e-05
0.3 0.00115189 -2.03162e-05
0.35 0.00126534 8.21333e-05
0.4 0.00124192 2.43916e-05
0.45 0.00116516 0.000145921
0.5 0.00119407 -0.000180067
0.55 0.00117824 0.000106222
0.6 0.00124435 6.81888e-05
0.65 0.00138258 -2.9381e-05
0.7 0.0012312 -0.000134915
0.75 0.00153687 0.00014642
0.8 0.001481 -0.000271745
0.85 0.00123663 2.67622e-05
0.9 0.00117019 -0.000104668
0.95 0.00129261 -1.16426e-05
1 0.00155864 0.000188517
1.05 0.00121119 9.32515e-05
1.1 0.00142002 2.89799e-06
1.15 0.00110208 0.000144101
1.2 0.0012468 -3.89166e-06
1.25 0.000953743 -3.62514e-05
1.3 0.0012196 -5.37371e-05
1.35 0.00165181 0.000158913
1.4 0.00144847 7.66933e-05
1.45 0.00127597 9.00657e-05
1.5 0.00127294 -0.000179627
1.55 0.00134483 0.000191405
1.6 0.000943463 -9.97807e-05
1.65 0.00143392 9.91828e-05
1.7 0.00138865 -0.000130802
1.75 0.00118891 -4.69859e-05
1.8 0.00133069 8.51456e-05
1.85 0.00105791 -0.000101212
1.9 0.0016162 -0.000120735
1.95 0.00152587 8.07179e-05
2 0.00112809 -0.000128681
2.05 0.00136187 7.62059e-05
2.1 0.00130129 2.30166e-05
2.15 0.00124028 3.32232e-05
2.2 0.00114082 -1.22837e-05
2.25 0.0013994 0.00017135
2.3 0.00113556 -0.000166859
2.35 0.00127339 0.000106051
2.4 0.00131358 -1.88391e-05
2.45 0.00109402 9.57632e-05
2.5 0.00144375 6.57882e-05
2.55 0.00117515 0.000102674
2.6 0.00129694 2.59125e-05
2.65 0.00171527 2.26504e-05
2.7 0.00112085 1.87123e-05
2.75 0.00135565 8.71893e-05
2.8 0.00105854 -2.30663e-05
2.85 0.00152036 8.68623e-05
2.9 0.0011806 -4.67142e-06
2.95 0.00118063 -0.00017072
3 0.00109314 4.71265e-05
3.05 0.00152142 -7.14791e-05
3.1 0.00126357 -1.07241e-05
3.15 0.00138887 1.98173e-05
3.2 0.00129262 7.64396e-05
3.25 0.00114997 2.1476e-05
3.3 0.00120196 3.63986e-05
3.35 0.00136909 -2.56405e-06
3.4 0.00131803 0.000179574
3.45 0.00121316 0.000177987
3.5 0.00137004 -6.17114e-05
3.55 0.00144453 -7.00395e-06
3.6 0.00112121 5.02022e-05
3.65 0.00115451 5.61741e-05
3.7 0.001338 -3.3792e-05
3.75 0.00128215 8.96912e-05
3.8 0.00133939 -6.17449e-06
3.85 0.00115548 -3.24035e-05
3.9 0.00137412 0.000176381
3.95 0.00114573 -0.000109356
4 0.0012235 7.38019e-05
4.05 0.001353 -4.07792e-06
4.1 0.00122883 2.35321e-05
4.15 0.00127501 6.99928e-05
4.2 0.00139689 9.6152e-05
4.25 0.00100804 0.000323467
4.3 0.00125324 -7.73032e-06
4.35 0.00119502 -7.6742e-06
4.4 0.00134108 -3.23537e-05
4.45 0.00127872 -8.97402e-05
4.5 0.00114195 -0.00028186
4.55 0.00124677 5.18559e-05
4.6 0.00123848 -2.63068e-05
4.65 0.00114053 -5.22139e-05
4.7 0.00145981 9.07163e-05
4.75 0.0011589 9.53578e-06
4.8 0.00153188 0.00037396
4.85 0.00115837 -2.17046e-07
4.9 0.00131585 0.000235949
4.95 0.0014832 9.79069e-05
5 0.00126002 0.000100077
5.05 0.0013778 2.03964e-05
5.1 0.00135012 0.000104914
5.15 0.00138933 8.82225e-05
5.2 0.00147291 -1.83583e-05
5.25 0.00134404 9.03891e-05
5.3 0.00128221 5.43174e-05
5.35 0.00119601 0.000313726
5.4 0.00131791 0.000202451
5.45 0.0013662 0.000191378
5.5 0.00138863 0.000151906
5.55 0.00135514 5.07031e-05
5.6 0.00106765 5.44236e-05
5.65 0.00130227 -7.35796e-05
5.7 0.00152995 6.80978e-05
5.75 0.00112026 1.39706e-05
5.8 0.0011928 5.62552e-06
5.85 0.00161021 0.000201126
5.9 0.00169346 0.000404643
5.95 0.0011541 0.000156953
6 0.00137865 0.000175448
6.05 0.0011461 8.23185e-05
6.1 0.00124227 4.25074e-05
6.15 0.00124526 1.166e-05
6.2 0.00150311 7.90604e-06
6.25 0.00121988 -6.71116e-05
6.3 0.00116202 -0.000275826
6.35 0.00154137 0.000167923
6.4 0.00139351 -6.87857e-06
6.45 0.00116971 3.15871e-05
6.5 0.00110608 -3.63003e-05
6.55 0.00120977 9.22195e-05
6.6 0.00134341 0.000131263
6.65 0.00131164 -0.000232107
6.7 0.00119723 2.12322e-05
6.75 0.00116867 5.45415e-05
6.8 0.00125629 6.11771e-05
6.85 0.00133101 -5.45231e-05
6.9 0.00108889 -2.18447e-05
6.95 0.00121861 -1.23539e-05
7 0.00115726 7.97149e-05
7.05 0.00124943 3.56092e-05
7.1 0.00133522 5.37776e-05
7.15 0.00120024 7.45254e-06
7.2 0.00158269 0.000122117
7.25 0.0013572 3.38322e-05
7.3 0.00138294 6.36994e-05
7.35 0.00131659 8.70032e-05
7.4 0.00128919 -4.61713e-05
7.45 0.00122174 0.000111274
7.5 0.00156532 6.42562e-06
7.55 0.00126503 5.98497e-05
7.6 0.00144593 -6.22863e-05
7.65 0.00100407 2.5268e-05
7.7 0.00141546 -9.97685e-05
7.75 0.00111142 4.78651e-06
7.8 0.00111304 2.50978e-05
7.85 0.00139859 4.30009e-05
7.9 0.00114785 -7.99007e-05
7.95 0.00119422 -0.000297546
8 0.00139305 -8.75426e-05
8.05 0.00110696 -5.39528e-05
0.05 0.000355648 -2.48415e-05
0.1 0.00101667 2.36538e-05
0.15 0.000990337 2.79695e-06
0.2 0.000980101 2.13286e-05
0.25 0.00129767 4.0866e-05
0.3 0.00115189 -2.03162e-05
0.35 0.00126534 8.21333e-05
0.4 0.00124192 2.43916e-05
0.45 0.00116516 0.000145921
0.5 0.00119407 -0.000180067
0.55 0.00117824 0.000106222
0.6 0.00124435 6.81888e-05
0.65 0.00138258 -2.9381e-05
0.7 0.0012312 -0.000134915
0.75 0.00153687 0.00014642
0.8 0.001481 -0.000271745
0.85 0.00123663 2.67622e-05
0.9 0.00117019 -0.000104668
0.95 0.00129261 -1.16426e-05
1 0.00155864 0.000188517
1.05 0.00121119 9.32515e-05
1.1 0.00142002 2.89799e-06
1.15 0.00110208 0.000144101
1.2 0.0012468 -3.89166e-06
1.25 0.000953743 -3.62514e-05
1.3 0.0012196 -5.37371e-05
1.35 0.00165181 0.000158913
1.4 0.00144847 7.66933e-05
1.45 0.00127597 9.00657e-05
1.5 0.00127294 -0.000179627
1.55 0.00134483 0.000191405
1.6 0.000943463 -9.97807e-05
1.65 0.00143392 9.91828e-05
1.7 0.00138865 -0.000130802
1.75 0.00118891 -4.69859e-05
1.8 0.00133069 8.51456e-05
1.85 0.00105791 -0.000101212
1.9 0.0016162 -0.000120735
1.95 0.00152587 8.07179e-05
2 0.00112809 -0.000128681
2.05 0.00136187 7.62059e-05
2.1 0.00130129 2.30166e-05
2.15 0.00124028 3.32232e-05
2.2 0.00114082 -1.22837e-05
2.25 0.0013994 0.00017135
2.3 0.00113556 -0.000166859
2.35 0.00127339 0.000106051
2.4 0.00131358 -1.88391e-05
2.45 0.00109402 9.57632e-05
2.5 0.00144375 6.57882e-05
2.55 0.00117515 0.000102674
2.6 0.00129694 2.59125e-05
2.65 0.00171527 2.26504e-05
2.7 0.00112085 1.87123e-05
2.75 0.00135565 8.71893e-05
2.8 0.00105854 -2.30663e-05
2.85 0.00152036 8.68623e-05
2.9 0.0011806 -4.67142e-06
2.95 0.00118063 -0.00017072
3 0.00109314 4.71265e-05
3.05 0.00152142 -7.14791e-05
3.1 0.00126357 -1.07241e-05
3.15 0.00138887 1.98173e-05
3.2 0.00129262 7.64396e-05
3.25 0.00114997 2.1476e-05
3.3 0.00120196 3.63986e-05
3.35 0.00136909 -2.56405e-06
3.4 0.00131803 0.000179574
3.45 0.00121316 0.000177987
3.5 0.00137004 -6.17114e-05
3.55 0.00144453 -7.00395e-06
3.6 0.00112121 5.02022e-05
3.65 0.00115451 5.61741e-05
3.7 0.001338 -3.3792e-05
3.75 0.00128215 8.96912e-05
3.8 0.00133939 -6.17449e-06
3.85 0.00115548 -3.24035e-05
3.9 0.00137412 0.000176381
3.95 0.00114573 -0.000109356
4 0.0012235 7.38019e-05
4.05 0.001353 -4.07792e-06
4.1 0.00122883 2.35321e-05
4.15 0.00127501 6.99928e-05
4.2 0.00139689 9.6152e-05
4.25 0.00100804 0.000323467
4.3 0.00125324 -7.73032e-06
4.35 0.00119502 -7.6742e-06
4.4 0.00134108 -3.23537e-05
4.45 0.00127872 -8.97402e-05
4.5 0.00114195 -0.00028186
4.55 0.00124677 5.18559e-05
4.6 0.00123848 -2.63068e-05
4.65 0.00114053 -5.22139e-05
4.7 0.00145981 9.07163e-05
4.75 0.0011589 9.53578e-06
4.8 0.00153188 0.00037396
4.85 0.00115837 -2.17046e-07
4.9 0.00131585 0.000235949
4.95 0.0014832 9.79069e-05
5 0.00126002 0.000100077
5.05 0.0013778 2.03964e-05
5.1 0.00135012 0.000104914
5.15 0.00138933 8.82225e-05
5.2 0.00147291 -1.83583e-05
5.25 0.00134404 9.03891e-05
5.3 0.00128221 5.43174e-05
5.35 0.00119601 0.000313726
5.4 0.00131791 0.000202451
5.45 0.0013662 0.000191378
5.5 0.00138863 0.000151906
5.55 0.00135514 5.07031e-05
5.6 0.00106765 5.44236e-05
5.65 0.00130227 -7.35796e-05
5.7 0.00152995 6.80978e-05
5.75 0.00112026 1.39706e-05
5.8 0.0011928 5.62552e-06
5.85 0.00161021 0.000201126
5.9 0.00169346 0.000404643
5.95 0.0011541 0.000156953
6 0.00137865 0.000175448
6.05 0.0011461 8.23185e-05
6.1 0.00124227 4.25074e-05
6.15 0.00124526 1.166e-05
6.2 0.00150311 7.90604e-06
6.25 0.00121988 -6.71116e-05
6.3 0.00116202 -0.000275826
6.35 0.00154137 0.000167923
6.4 0.00139351 -6.87857e-06
6.45 0.00116971 3.15871e-05
6.5 0.00110608 -3.63003e-05
6.55 0.00120977 9.22195e-05
6.6 0.00134341 0.000131263
6.65 0.00131164 -0.000232107
6.7 0.00119723 2.12322e-05
6.75 0.00116867 5.45415e-05
6.8 0.00125629 6.11771e-05
6.85 0.00133101 -5.45231e-05
6.9 0.00108889 -2.18447e-05
6.95 0.00121861 -1.23539e-05
7 0.00115726 7.97149e-05
7.05 0.00124943 3.56092e-05
7.1 0.00133522 5.37776e-05
7.15 0.00120024 7.45254e-06
7.2 0.00158269 0.000122117
7.25 0.0013572 3.38322e-05
7.3 0.00138294 6.36994e-05
7.35 0.00131659 8.70032e-05
7.4 0.00128919 -4.61713e-05
7.45 0.00122174 0.000111274
7.5 0.00156532 6.42562e-06
7.55 0.00126503 5.98497e-05
7.6 0.00144593 -6.22863e-05
7.65 0.00100407 2.5268e-05
7.7 0.00141546 -9.97685e-05
7.75 0.00111142 4.78651e-06
7.8 0.00111304 2.50978e-05
7.85 0.00139859 4.30009e-05
7.9 0.00114785 -7.99007e-05
7.95 0.00119422 -0.000297546
8 0.00139305 -8.75426e-05
8.05 0.00110696 -5.39528e-05
